| Reference Algorithm    |   MAP-Elites |   MAP-Elites-ES |   PGA-MAP-Elites |   PGA-MAP-Elites PG only |       QD-RL |   TD3 w. archive |
|:-----------------------|-------------:|----------------:|-----------------:|-------------------------:|------------:|-----------------:|
| MAP-Elites             |  1           |     1.12155e-06 |      6.30185e-08 |              8.51233e-08 | 6.30185e-08 |      2.06247e-07 |
| MAP-Elites-ES          |  1.12155e-06 |     1           |      6.30185e-08 |              2.20392e-06 | 6.30185e-08 |      0.000189279 |
| PGA-MAP-Elites         |  6.30185e-08 |     6.30185e-08 |      1           |              2.20392e-06 | 6.30185e-08 |      1.28561e-06 |
| PGA-MAP-Elites PG only |  8.51233e-08 |     2.20392e-06 |      2.20392e-06 |              1           | 6.30185e-08 |      0.159545    |
| QD-RL                  |  6.30185e-08 |     6.30185e-08 |      6.30185e-08 |              6.30185e-08 | 1           |      6.30185e-08 |
| TD3 w. archive         |  2.06247e-07 |     0.000189279 |      1.28561e-06 |              0.159545    | 6.30185e-08 |      1           |