| Reference Algorithm    |   MAP-Elites |   MAP-Elites-ES |   PGA-MAP-Elites |   PGA-MAP-Elites PG only |       QD-RL |   TD3 w. archive |
|:-----------------------|-------------:|----------------:|-----------------:|-------------------------:|------------:|-----------------:|
| MAP-Elites             |  1           |     6.30185e-08 |      0.0024487   |              0.213388    | 6.30185e-08 |      0.000169939 |
| MAP-Elites-ES          |  6.30185e-08 |     1           |      6.30185e-08 |              6.30185e-08 | 6.30185e-08 |      6.30185e-08 |
| PGA-MAP-Elites         |  0.0024487   |     6.30185e-08 |      1           |              4.22863e-07 | 6.30185e-08 |      7.32677e-08 |
| PGA-MAP-Elites PG only |  0.213388    |     6.30185e-08 |      4.22863e-07 |              1           | 6.30185e-08 |      0.000189279 |
| QD-RL                  |  6.30185e-08 |     6.30185e-08 |      6.30185e-08 |              6.30185e-08 | 1           |      6.30185e-08 |
| TD3 w. archive         |  0.000169939 |     6.30185e-08 |      7.32677e-08 |              0.000189279 | 6.30185e-08 |      1           |