| Reference Algorithm    |   MAP-Elites |   MAP-Elites-ES |   PGA-MAP-Elites |   PGA-MAP-Elites PG only |       QD-RL |   TD3 w. archive |
|:-----------------------|-------------:|----------------:|-----------------:|-------------------------:|------------:|-----------------:|
| MAP-Elites             |  1           |     0.267407    |      9.8827e-08  |              1.32925e-07 | 6.30185e-08 |      6.45052e-07 |
| MAP-Elites-ES          |  0.267407    |     1           |      6.30185e-08 |              8.51233e-08 | 6.30185e-08 |      7.32677e-08 |
| PGA-MAP-Elites         |  9.8827e-08  |     6.30185e-08 |      1           |              0.00117034  | 6.30185e-08 |      6.24351e-05 |
| PGA-MAP-Elites PG only |  1.32925e-07 |     8.51233e-08 |      0.00117034  |              1           | 6.30185e-08 |      0.00170215  |
| QD-RL                  |  6.30185e-08 |     6.30185e-08 |      6.30185e-08 |              6.30185e-08 | 1           |      6.30185e-08 |
| TD3 w. archive         |  6.45052e-07 |     7.32677e-08 |      6.24351e-05 |              0.00170215  | 6.30185e-08 |      1           |