| Reference Algorithm    |   MAP-Elites |   MAP-Elites-ES |   PGA-MAP-Elites |   PGA-MAP-Elites PG only |       QD-RL |   TD3 w. archive |
|:-----------------------|-------------:|----------------:|-----------------:|-------------------------:|------------:|-----------------:|
| MAP-Elites             |  1           |     6.30185e-08 |      6.30185e-08 |              9.36985e-08 | 6.30185e-08 |      6.30185e-08 |
| MAP-Elites-ES          |  6.30185e-08 |     1           |      6.30185e-08 |              9.36985e-08 | 6.30185e-08 |      6.30185e-08 |
| PGA-MAP-Elites         |  6.30185e-08 |     6.30185e-08 |      1           |              9.36985e-08 | 6.30185e-08 |      6.30185e-08 |
| PGA-MAP-Elites PG only |  9.36985e-08 |     9.36985e-08 |      9.36985e-08 |              1           | 9.36985e-08 |      0.000289423 |
| QD-RL                  |  6.30185e-08 |     6.30185e-08 |      6.30185e-08 |              9.36985e-08 | 1           |      6.30185e-08 |
| TD3 w. archive         |  6.30185e-08 |     6.30185e-08 |      6.30185e-08 |              0.000289423 | 6.30185e-08 |      1           |