| Reference Algorithm    |   MAP-Elites |   MAP-Elites-ES |   PGA-MAP-Elites |   PGA-MAP-Elites PG only |       QD-RL |   TD3 w. archive |
|:-----------------------|-------------:|----------------:|-----------------:|-------------------------:|------------:|-----------------:|
| MAP-Elites             |  1           |     6.30185e-08 |      6.30185e-08 |              9.36985e-08 | 6.30185e-08 |      6.24351e-05 |
| MAP-Elites-ES          |  6.30185e-08 |     1           |      0.0699312   |              0.0245886   | 6.30185e-08 |      9.77742e-07 |
| PGA-MAP-Elites         |  6.30185e-08 |     0.0699312   |      1           |              0.465062    | 6.30185e-08 |      8.51233e-08 |
| PGA-MAP-Elites PG only |  9.36985e-08 |     0.0245886   |      0.465062    |              1           | 9.36985e-08 |      3.15811e-07 |
| QD-RL                  |  6.30185e-08 |     6.30185e-08 |      6.30185e-08 |              9.36985e-08 | 1           |      6.30185e-08 |
| TD3 w. archive         |  6.24351e-05 |     9.77742e-07 |      8.51233e-08 |              3.15811e-07 | 6.30185e-08 |      1           |