| Reference Algorithm    |   MAP-Elites |   MAP-Elites-ES |   PGA-MAP-Elites |   PGA-MAP-Elites PG only |       QD-RL |   TD3 w. archive |
|:-----------------------|-------------:|----------------:|-----------------:|-------------------------:|------------:|-----------------:|
| MAP-Elites             |  1           |     1.7828e-07  |      9.8827e-08  |              1.68564e-06 | 6.30185e-08 |      1.33028e-05 |
| MAP-Elites-ES          |  1.7828e-07  |     1           |      6.30185e-08 |              6.30185e-08 | 1.5046e-05  |      6.30185e-08 |
| PGA-MAP-Elites         |  9.8827e-08  |     6.30185e-08 |      1           |              2.44504e-05 | 6.30185e-08 |      4.22863e-07 |
| PGA-MAP-Elites PG only |  1.68564e-06 |     6.30185e-08 |      2.44504e-05 |              1           | 6.30185e-08 |      0.00170215  |
| QD-RL                  |  6.30185e-08 |     1.5046e-05  |      6.30185e-08 |              6.30185e-08 | 1           |      6.30185e-08 |
| TD3 w. archive         |  1.33028e-05 |     6.30185e-08 |      4.22863e-07 |              0.00170215  | 6.30185e-08 |      1           |